       1178.0          3694.3
       1903.6345       3864.0705
       585.77849       3673.9422
       2791.0489       3750.3311
       3097.1089       3762.0063
       3325.8720       3771.3439
       3707.3353       3787.3568
       475.50326       3528.1771
       2147.0569       3584.2156
       764.35076       3401.7625
       2270.4384       3451.4634
       2969.6212       3477.4762
       2833.0271       3339.0488
       3045.5776       3346.7240
       1488.8523       3164.9333
       2009.3566       3181.5461
       2713.6456       3206.2966
       2485.5889       3073.8691
       2283.6509       2946.1169
       3032.9182       2971.4674
       1060.3045       2788.6766
       1851.1031       2814.0271
       1375.0240       2687.2749
       1925.9533       2704.2877
       3234.8093       2744.3134
       1175.6860       2571.5355
       3225.1499       2635.5740
       1495.4055       2475.4713
       1939.0596       2488.1465
       2174.8226       2496.4841
       2934.7492       2519.4970
       945.92302       2353.7191
       1777.6998       2380.4072
       2635.6892       2406.7576
       1181.7923       3691.9550
       954.13556       3406.1001
       3541.8693       2756.3262
       2560.3922       2955.7921